0 0 12 6 0 0 0 6
0 0 0 0 6 0
1 0 1 0 8 0
2 0 0 0 12 0
3 0 1 0 14 0
4 0 0 0 17 0
5 0 1 0 19 0
1 0 12 6 0 0 0 6
0 0 0 0 7 0
1 0 1 0 9 0
2 0 0 0 13 0
3 0 1 0 15 0
4 0 0 0 18 0
5 0 1 0 20 0
2 0 12 6 0 0 0 6
0 0 0 0 8 0
1 0 1 0 10 0
2 0 0 0 14 0
3 0 1 0 16 0
4 0 0 0 19 0
5 0 1 0 21 0
3 0 12 6 0 0 0 6
0 0 0 0 10 0
1 0 1 0 12 0
2 0 0 0 15 0
3 0 1 0 17 0
4 0 0 0 20 0
5 0 1 0 22 0
4 0 12 6 0 0 0 4
0 0 0 0 11 0
1 0 1 0 13 0
2 0 0 0 16 0
3 0 1 0 18 0
5 9 3 1 0 0 1 6
0 0 1 0 6 0
1 0 0 0 8 0
2 0 1 0 12 0
3 0 0 0 14 0
4 0 1 0 17 0
5 0 0 0 19 0
6 9 3 1 0 0 1 6
0 0 1 0 7 0
1 0 0 0 9 0
2 0 1 0 13 0
3 0 0 0 15 0
4 0 1 0 18 0
5 0 0 0 20 0
7 9 3 1 0 0 1 6
0 0 1 0 8 0
1 0 0 0 10 0
2 0 1 0 14 0
3 0 0 0 16 0
4 0 1 0 19 0
5 0 0 0 21 0
8 9 3 1 0 0 1 6
0 0 1 0 10 0
1 0 0 0 12 0
2 0 1 0 15 0
3 0 0 0 17 0
4 0 1 0 20 0
5 0 0 0 22 0
9 9 3 1 0 0 1 6
0 0 1 0 11 0
1 0 0 0 13 0
2 0 1 0 16 0
3 0 0 0 18 0
