0 26
2 0 3 0 0 -1 -1 0 
0 0 0 7 0 0 8 0 1 0 3 0 0
1 1 0 14 0 0 2 0 0 3 0 0 1
2 2 0 18 0 0 14 0 0 0 0 0 -1
7 0 6 0 0 -1 -1 0 
0 0 0 6 0 0 8 0 1 0 6 0 0
1 1 0 15 0 0 2 0 0 6 0 0 1
2 2 0 18 0 0 14 0 0 0 0 0 -1
28 0 6 0 0 -1 -1 0 
0 0 0 7 0 0 8 0 1 0 6 0 0
1 1 0 16 0 0 2 0 0 6 0 0 1
2 2 0 17 0 0 14 0 0 0 0 0 -1
38 0 6 0 0 -1 -1 0 
0 0 0 6 0 0 8 0 1 0 6 0 0
1 1 0 14 0 0 2 0 0 6 0 0 1
2 2 0 17 0 0 14 0 0 0 0 0 -1
45 0 5 0 0 -1 -1 0 
0 0 0 6 0 0 8 0 1 0 5 0 0
1 1 0 16 0 0 2 0 0 5 0 0 1
2 2 0 17 0 0 14 0 0 0 0 0 -1
54 0 5 0 0 -1 -1 0 
0 0 0 8 0 0 8 0 1 0 5 0 0
1 1 0 16 0 0 2 0 0 5 0 0 1
2 2 0 18 0 0 14 0 0 0 0 0 -1
62 0 9 0 0 -1 -1 0 
0 0 0 6 0 0 8 0 1 0 9 0 0
1 1 0 15 0 0 2 0 0 9 0 0 1
2 2 0 17 0 0 14 0 0 0 0 0 -1
94 0 5 0 0 -1 -1 0 
0 0 0 8 0 0 8 0 1 0 5 0 0
1 1 0 14 0 0 2 0 0 5 0 0 1
2 2 0 17 0 0 14 0 0 0 0 0 -1
99 0 5 0 0 -1 -1 0 
0 0 0 6 0 0 8 0 1 0 5 0 0
1 1 0 15 0 0 2 0 0 5 0 0 1
2 2 0 17 0 0 14 0 0 0 0 0 -1
114 0 3 0 0 -1 -1 0 
0 0 0 8 0 0 8 0 1 0 3 0 0
1 1 0 16 0 0 2 0 0 3 0 0 1
2 2 0 18 0 0 14 0 0 0 0 0 -1
122 0 4 0 0 -1 -1 0 
0 0 0 7 0 0 8 0 1 0 4 0 0
1 1 0 16 0 0 2 0 0 4 0 0 1
2 2 0 17 0 0 14 0 0 0 0 0 -1
129 0 1 0 0 -1 -1 0 
0 0 0 6 0 0 8 0 1 0 1 0 0
1 1 0 16 0 0 2 0 0 1 0 0 1
2 2 0 18 0 0 14 0 0 0 0 0 -1
136 0 0 0 0 -1 -1 0 
0 0 0 6 0 0 8 0 1 0 0 0 -1
1 1 0 16 0 0 2 0 0 0 0 0 -1
2 2 0 18 0 0 14 0 0 0 0 0 -1
138 0 2 0 0 -1 -1 0 
0 0 0 7 0 0 8 0 1 0 2 0 0
1 1 0 15 0 0 2 0 0 2 0 0 1
2 2 0 17 0 0 14 0 0 0 0 0 -1
141 0 8 0 0 -1 -1 0 
0 0 0 6 0 0 8 0 1 0 8 0 0
1 1 0 15 0 0 2 0 0 8 0 0 1
2 2 0 16 0 0 14 0 0 0 0 0 -1
174 0 1 0 0 -1 -1 0 
0 0 0 8 0 0 8 0 1 0 1 0 0
1 1 0 15 0 0 2 0 0 1 0 0 1
2 2 0 17 0 0 14 0 0 0 0 0 -1
184 0 3 0 0 -1 -1 0 
0 0 0 6 0 0 8 0 1 0 3 0 0
1 1 0 16 0 0 2 0 0 3 0 0 1
2 2 0 18 0 0 14 0 0 0 0 0 -1
188 0 6 0 0 -1 -1 0 
0 0 0 6 0 0 8 0 1 0 6 0 0
1 1 0 14 0 0 2 0 0 6 0 0 1
2 2 0 17 0 0 14 0 0 0 0 0 -1
221 0 1 0 0 -1 -1 0 
0 0 0 6 0 0 8 0 1 0 1 0 0
1 1 0 14 0 0 2 0 0 1 0 0 1
2 2 0 17 0 0 14 0 0 0 0 0 -1
230 0 5 0 0 -1 -1 0 
0 0 0 7 0 0 8 0 1 0 5 0 0
1 1 0 16 0 0 2 0 0 5 0 0 1
2 2 0 18 0 0 14 0 0 0 0 0 -1
237 0 8 0 0 -1 -1 0 
0 0 0 8 0 0 8 0 1 0 8 0 0
1 1 0 14 0 0 2 0 0 8 0 0 1
2 2 0 17 0 0 14 0 0 0 0 0 -1
242 0 5 0 0 -1 -1 0 
0 0 0 8 0 0 8 0 1 0 5 0 0
1 1 0 14 0 0 2 0 0 5 0 0 1
2 2 0 16 0 0 14 0 0 0 0 0 -1
254 0 1 0 0 -1 -1 0 
0 0 0 7 0 0 8 0 1 0 1 0 0
1 1 0 14 0 0 2 0 0 1 0 0 1
2 2 0 18 0 0 14 0 0 0 0 0 -1
259 0 5 0 0 -1 -1 0 
0 0 0 7 0 0 8 0 1 0 5 0 0
1 1 0 16 0 0 2 0 0 5 0 0 1
2 2 0 16 0 0 14 0 0 0 0 0 -1
265 0 3 0 0 -1 -1 0 
0 0 0 7 0 0 8 0 1 0 3 0 0
1 1 0 15 0 0 2 0 0 3 0 0 1
2 2 0 16 0 0 14 0 0 0 0 0 -1
275 0 5 0 0 -1 -1 0 
0 0 0 8 0 0 8 0 1 0 5 0 0
1 1 0 16 0 0 2 0 0 5 0 0 1
2 2 0 16 0 0 14 0 0 0 0 0 -1
1 36
8 1 3 1 0 -1 -1 1 
0 0 0 8 0 0 8 0 1 1 3 0 0
1 1 0 16 0 0 2 0 0 3 0 0 1
2 2 0 17 0 0 14 0 0 0 1 0 0
23 1 1 1 0 -1 -1 1 
0 0 0 6 0 0 8 0 1 1 1 0 -1
1 1 0 16 0 0 2 0 0 1 0 0 1
2 2 0 18 0 0 14 0 0 0 1 0 0
24 1 3 1 0 -1 -1 1 
0 0 0 6 0 0 8 0 1 1 3 0 0
1 1 0 14 0 0 2 0 0 3 0 0 1
2 2 0 18 0 0 14 0 0 0 1 0 0
29 1 9 1 0 -1 -1 1 
0 0 0 7 0 0 8 0 1 1 9 0 0
1 1 0 15 0 0 2 0 0 9 0 0 1
2 2 0 17 0 0 14 0 0 0 1 0 0
33 1 3 1 0 -1 -1 1 
0 0 0 6 0 0 8 0 1 1 3 0 0
1 1 0 14 0 0 2 0 0 3 0 0 1
2 2 0 16 0 0 14 0 0 0 1 0 0
34 1 9 1 0 -1 -1 1 
0 0 0 8 0 0 8 0 1 1 9 0 0
1 1 0 14 0 0 2 0 0 9 0 0 1
2 2 0 17 0 0 14 0 0 0 1 0 0
61 1 6 1 0 -1 -1 1 
0 0 0 8 0 0 8 0 1 1 6 0 0
1 1 0 14 0 0 2 0 0 6 0 0 1
2 2 0 17 0 0 14 0 0 0 1 0 0
74 1 9 1 0 -1 -1 1 
0 0 0 7 0 0 8 0 1 1 9 0 0
1 1 0 15 0 0 2 0 0 9 0 0 1
2 2 0 17 0 0 14 0 0 0 1 0 0
81 1 4 1 0 -1 -1 1 
0 0 0 6 0 0 8 0 1 1 4 0 0
1 1 0 14 0 0 2 0 0 4 0 0 1
2 2 0 17 0 0 14 0 0 0 1 0 0
101 1 1 1 0 -1 -1 1 
0 0 0 6 0 0 8 0 1 1 1 0 -1
1 1 0 15 0 0 2 0 0 1 0 0 1
2 2 0 17 0 0 14 0 0 0 1 0 0
103 1 4 1 0 -1 -1 1 
0 0 0 6 0 0 8 0 1 1 4 0 0
1 1 0 15 0 0 2 0 0 4 0 0 1
2 2 0 16 0 0 14 0 0 0 1 0 0
104 1 1 1 0 -1 -1 1 
0 0 0 8 0 0 8 0 1 1 1 0 -1
1 1 0 15 0 0 2 0 0 1 0 0 1
2 2 0 17 0 0 14 0 0 0 1 0 0
105 1 9 1 0 -1 -1 1 
0 0 0 6 0 0 8 0 1 1 9 0 0
1 1 0 15 0 0 2 0 0 9 0 0 1
2 2 0 18 0 0 14 0 0 0 1 0 0
119 1 5 1 0 -1 -1 1 
0 0 0 8 0 0 8 0 1 1 5 0 0
1 1 0 15 0 0 2 0 0 5 0 0 1
2 2 0 18 0 0 14 0 0 0 1 0 0
123 1 1 1 0 -1 -1 1 
0 0 0 6 0 0 8 0 1 1 1 0 -1
1 1 0 16 0 0 2 0 0 1 0 0 1
2 2 0 16 0 0 14 0 0 0 1 0 0
127 1 4 1 0 -1 -1 1 
0 0 0 6 0 0 8 0 1 1 4 0 0
1 1 0 16 0 0 2 0 0 4 0 0 1
2 2 0 18 0 0 14 0 0 0 1 0 0
137 1 4 1 0 -1 -1 1 
0 0 0 7 0 0 8 0 1 1 4 0 0
1 1 0 16 0 0 2 0 0 4 0 0 1
2 2 0 17 0 0 14 0 0 0 1 0 0
151 1 9 1 0 -1 -1 1 
0 0 0 8 0 0 8 0 1 1 9 0 0
1 1 0 14 0 0 2 0 0 9 0 0 1
2 2 0 18 0 0 14 0 0 0 1 0 0
152 1 0 1 0 -1 -1 1 
0 0 0 8 0 0 8 0 1 1 0 0 1
1 1 0 16 0 0 2 0 0 0 0 0 -1
2 2 0 16 0 0 14 0 0 0 1 0 0
166 1 8 1 0 -1 -1 1 
0 0 0 6 0 0 8 0 1 1 8 0 0
1 1 0 14 0 0 2 0 0 8 0 0 1
2 2 0 18 0 0 14 0 0 0 1 0 0
171 1 5 1 0 -1 -1 1 
0 0 0 8 0 0 8 0 1 1 5 0 0
1 1 0 15 0 0 2 0 0 5 0 0 1
2 2 0 16 0 0 14 0 0 0 1 0 0
195 1 3 1 0 -1 -1 1 
0 0 0 6 0 0 8 0 1 1 3 0 0
1 1 0 15 0 0 2 0 0 3 0 0 1
2 2 0 18 0 0 14 0 0 0 1 0 0
217 1 2 1 0 -1 -1 1 
0 0 0 7 0 0 8 0 1 1 2 0 0
1 1 0 16 0 0 2 0 0 2 0 0 1
2 2 0 18 0 0 14 0 0 0 1 0 0
222 1 9 1 0 -1 -1 1 
0 0 0 8 0 0 8 0 1 1 9 0 0
1 1 0 16 0 0 2 0 0 9 0 0 1
2 2 0 18 0 0 14 0 0 0 1 0 0
225 1 6 1 0 -1 -1 1 
0 0 0 6 0 0 8 0 1 1 6 0 0
1 1 0 14 0 0 2 0 0 6 0 0 1
2 2 0 18 0 0 14 0 0 0 1 0 0
246 1 9 1 0 -1 -1 1 
0 0 0 8 0 0 8 0 1 1 9 0 0
1 1 0 16 0 0 2 0 0 9 0 0 1
2 2 0 16 0 0 14 0 0 0 1 0 0
247 1 9 1 0 -1 -1 1 
0 0 0 7 0 0 8 0 1 1 9 0 0
1 1 0 16 0 0 2 0 0 9 0 0 1
2 2 0 17 0 0 14 0 0 0 1 0 0
261 1 3 1 0 -1 -1 1 
0 0 0 8 0 0 8 0 1 1 3 0 0
1 1 0 14 0 0 2 0 0 3 0 0 1
2 2 0 18 0 0 14 0 0 0 1 0 0
267 1 0 1 0 -1 -1 1 
0 0 0 8 0 0 8 0 1 1 0 0 1
1 1 0 15 0 0 2 0 0 0 0 0 -1
2 2 0 16 0 0 14 0 0 0 1 0 0
268 1 9 1 0 -1 -1 1 
0 0 0 7 0 0 8 0 1 1 9 0 0
1 1 0 16 0 0 2 0 0 9 0 0 1
2 2 0 16 0 0 14 0 0 0 1 0 0
276 1 5 1 0 -1 -1 1 
0 0 0 7 0 0 8 0 1 1 5 0 0
1 1 0 16 0 0 2 0 0 5 0 0 1
2 2 0 16 0 0 14 0 0 0 1 0 0
283 1 9 1 0 -1 -1 1 
0 0 0 6 0 0 8 0 1 1 9 0 0
1 1 0 15 0 0 2 0 0 9 0 0 1
2 2 0 16 0 0 14 0 0 0 1 0 0
285 1 6 1 0 -1 -1 1 
0 0 0 7 0 0 8 0 1 1 6 0 0
1 1 0 15 0 0 2 0 0 6 0 0 1
2 2 0 16 0 0 14 0 0 0 1 0 0
289 1 1 1 0 -1 -1 1 
0 0 0 8 0 0 8 0 1 1 1 0 -1
1 1 0 14 0 0 2 0 0 1 0 0 1
2 2 0 17 0 0 14 0 0 0 1 0 0
296 1 6 1 0 -1 -1 1 
0 0 0 7 0 0 8 0 1 1 6 0 0
1 1 0 16 0 0 2 0 0 6 0 0 1
2 2 0 17 0 0 14 0 0 0 1 0 0
299 1 1 1 0 -1 -1 1 
0 0 0 7 0 0 8 0 1 1 1 0 -1
1 1 0 15 0 0 2 0 0 1 0 0 1
2 2 0 18 0 0 14 0 0 0 1 0 0
2 31
3 2 4 2 0 -1 -1 2 
0 0 0 7 0 0 8 0 1 2 4 0 0
1 1 0 14 0 0 2 0 0 4 0 0 1
2 2 0 17 0 0 14 0 0 0 2 0 0
26 2 4 2 0 -1 -1 2 
0 0 0 8 0 0 8 0 1 2 4 0 0
1 1 0 16 0 0 2 0 0 4 0 0 1
2 2 0 16 0 0 14 0 0 0 2 0 0
30 2 9 2 0 -1 -1 2 
0 0 0 7 0 0 8 0 1 2 9 0 0
1 1 0 15 0 0 2 0 0 9 0 0 1
2 2 0 16 0 0 14 0 0 0 2 0 0
31 2 8 2 0 -1 -1 2 
0 0 0 6 0 0 8 0 1 2 8 0 0
1 1 0 14 0 0 2 0 0 8 0 0 1
2 2 0 18 0 0 14 0 0 0 2 0 0
35 2 6 2 0 -1 -1 2 
0 0 0 6 0 0 8 0 1 2 6 0 0
1 1 0 14 0 0 2 0 0 6 0 0 1
2 2 0 17 0 0 14 0 0 0 2 0 0
52 2 6 2 0 -1 -1 2 
0 0 0 8 0 0 8 0 1 2 6 0 0
1 1 0 14 0 0 2 0 0 6 0 0 1
2 2 0 16 0 0 14 0 0 0 2 0 0
77 2 5 2 0 -1 -1 2 
0 0 0 6 0 0 8 0 1 2 5 0 0
1 1 0 15 0 0 2 0 0 5 0 0 1
2 2 0 18 0 0 14 0 0 0 2 0 0
91 2 8 2 0 -1 -1 2 
0 0 0 7 0 0 8 0 1 2 8 0 0
1 1 0 15 0 0 2 0 0 8 0 0 1
2 2 0 17 0 0 14 0 0 0 2 0 0
102 2 5 2 0 -1 -1 2 
0 0 0 8 0 0 8 0 1 2 5 0 0
1 1 0 16 0 0 2 0 0 5 0 0 1
2 2 0 17 0 0 14 0 0 0 2 0 0
106 2 9 2 0 -1 -1 2 
0 0 0 6 0 0 8 0 1 2 9 0 0
1 1 0 16 0 0 2 0 0 9 0 0 1
2 2 0 16 0 0 14 0 0 0 2 0 0
135 2 5 2 0 -1 -1 2 
0 0 0 7 0 0 8 0 1 2 5 0 0
1 1 0 14 0 0 2 0 0 5 0 0 1
2 2 0 16 0 0 14 0 0 0 2 0 0
139 2 2 2 0 -1 -1 2 
0 0 0 8 0 0 8 0 1 2 2 0 -1
1 1 0 16 0 0 2 0 0 2 0 0 1
2 2 0 18 0 0 14 0 0 0 2 0 0
140 2 2 2 0 -1 -1 2 
0 0 0 6 0 0 8 0 1 2 2 0 -1
1 1 0 15 0 0 2 0 0 2 0 0 1
2 2 0 18 0 0 14 0 0 0 2 0 0
142 2 1 2 0 -1 -1 2 
0 0 0 7 0 0 8 0 1 2 1 0 1
1 1 0 16 0 0 2 0 0 1 0 0 1
2 2 0 17 0 0 14 0 0 0 2 0 0
144 2 7 2 0 -1 -1 2 
0 0 0 6 0 0 8 0 1 2 7 0 0
1 1 0 15 0 0 2 0 0 7 0 0 1
2 2 0 16 0 0 14 0 0 0 2 0 0
159 2 2 2 0 -1 -1 2 
0 0 0 6 0 0 8 0 1 2 2 0 -1
1 1 0 15 0 0 2 0 0 2 0 0 1
2 2 0 18 0 0 14 0 0 0 2 0 0
170 2 6 2 0 -1 -1 2 
0 0 0 6 0 0 8 0 1 2 6 0 0
1 1 0 16 0 0 2 0 0 6 0 0 1
2 2 0 17 0 0 14 0 0 0 2 0 0
181 2 4 2 0 -1 -1 2 
0 0 0 8 0 0 8 0 1 2 4 0 0
1 1 0 16 0 0 2 0 0 4 0 0 1
2 2 0 18 0 0 14 0 0 0 2 0 0
191 2 1 2 0 -1 -1 2 
0 0 0 7 0 0 8 0 1 2 1 0 1
1 1 0 16 0 0 2 0 0 1 0 0 1
2 2 0 16 0 0 14 0 0 0 2 0 0
194 2 9 2 0 -1 -1 2 
0 0 0 7 0 0 8 0 1 2 9 0 0
1 1 0 15 0 0 2 0 0 9 0 0 1
2 2 0 18 0 0 14 0 0 0 2 0 0
201 2 9 2 0 -1 -1 2 
0 0 0 8 0 0 8 0 1 2 9 0 0
1 1 0 15 0 0 2 0 0 9 0 0 1
2 2 0 17 0 0 14 0 0 0 2 0 0
205 2 5 2 0 -1 -1 2 
0 0 0 7 0 0 8 0 1 2 5 0 0
1 1 0 16 0 0 2 0 0 5 0 0 1
2 2 0 18 0 0 14 0 0 0 2 0 0
207 2 5 2 0 -1 -1 2 
0 0 0 7 0 0 8 0 1 2 5 0 0
1 1 0 16 0 0 2 0 0 5 0 0 1
2 2 0 16 0 0 14 0 0 0 2 0 0
231 2 4 2 0 -1 -1 2 
0 0 0 8 0 0 8 0 1 2 4 0 0
1 1 0 14 0 0 2 0 0 4 0 0 1
2 2 0 16 0 0 14 0 0 0 2 0 0
234 2 4 2 0 -1 -1 2 
0 0 0 7 0 0 8 0 1 2 4 0 0
1 1 0 14 0 0 2 0 0 4 0 0 1
2 2 0 17 0 0 14 0 0 0 2 0 0
239 2 8 2 0 -1 -1 2 
0 0 0 6 0 0 8 0 1 2 8 0 0
1 1 0 16 0 0 2 0 0 8 0 0 1
2 2 0 16 0 0 14 0 0 0 2 0 0
241 2 8 2 0 -1 -1 2 
0 0 0 6 0 0 8 0 1 2 8 0 0
1 1 0 15 0 0 2 0 0 8 0 0 1
2 2 0 18 0 0 14 0 0 0 2 0 0
253 2 3 2 0 -1 -1 2 
0 0 0 8 0 0 8 0 1 2 3 0 0
1 1 0 14 0 0 2 0 0 3 0 0 1
2 2 0 16 0 0 14 0 0 0 2 0 0
272 2 3 2 0 -1 -1 2 
0 0 0 6 0 0 8 0 1 2 3 0 0
1 1 0 14 0 0 2 0 0 3 0 0 1
2 2 0 17 0 0 14 0 0 0 2 0 0
274 2 8 2 0 -1 -1 2 
0 0 0 6 0 0 8 0 1 2 8 0 0
1 1 0 15 0 0 2 0 0 8 0 0 1
2 2 0 18 0 0 14 0 0 0 2 0 0
292 2 7 2 0 -1 -1 2 
0 0 0 7 0 0 8 0 1 2 7 0 0
1 1 0 16 0 0 2 0 0 7 0 0 1
2 2 0 17 0 0 14 0 0 0 2 0 0
3 27
5 3 1 3 0 -1 -1 3 
0 0 0 6 0 0 8 0 1 3 1 0 1
1 1 0 14 0 0 2 0 0 1 0 0 1
2 2 0 16 0 0 14 0 0 0 3 0 0
14 3 1 3 0 -1 -1 3 
0 0 0 6 0 0 8 0 1 3 1 0 1
1 1 0 16 0 0 2 0 0 1 0 0 1
2 2 0 18 0 0 14 0 0 0 3 0 0
18 3 4 3 0 -1 -1 3 
0 0 0 7 0 0 8 0 1 3 4 0 0
1 1 0 15 0 0 2 0 0 4 0 0 1
2 2 0 18 0 0 14 0 0 0 3 0 0
19 3 3 3 0 -1 -1 3 
0 0 0 6 0 0 8 0 1 3 3 0 -1
1 1 0 15 0 0 2 0 0 3 0 0 1
2 2 0 18 0 0 14 0 0 0 3 0 0
32 3 8 3 0 -1 -1 3 
0 0 0 7 0 0 8 0 1 3 8 0 0
1 1 0 16 0 0 2 0 0 8 0 0 1
2 2 0 16 0 0 14 0 0 0 3 0 0
47 3 2 3 0 -1 -1 3 
0 0 0 6 0 0 8 0 1 3 2 0 1
1 1 0 14 0 0 2 0 0 2 0 0 1
2 2 0 17 0 0 14 0 0 0 3 0 0
66 3 6 3 0 -1 -1 3 
0 0 0 7 0 0 8 0 1 3 6 0 0
1 1 0 16 0 0 2 0 0 6 0 0 1
2 2 0 17 0 0 14 0 0 0 3 0 0
87 3 3 3 0 -1 -1 3 
0 0 0 7 0 0 8 0 1 3 3 0 -1
1 1 0 14 0 0 2 0 0 3 0 0 1
2 2 0 17 0 0 14 0 0 0 3 0 0
112 3 7 3 0 -1 -1 3 
0 0 0 8 0 0 8 0 1 3 7 0 0
1 1 0 15 0 0 2 0 0 7 0 0 1
2 2 0 18 0 0 14 0 0 0 3 0 0
146 3 1 3 0 -1 -1 3 
0 0 0 7 0 0 8 0 1 3 1 0 1
1 1 0 16 0 0 2 0 0 1 0 0 1
2 2 0 18 0 0 14 0 0 0 3 0 0
147 3 2 3 0 -1 -1 3 
0 0 0 8 0 0 8 0 1 3 2 0 1
1 1 0 15 0 0 2 0 0 2 0 0 1
2 2 0 17 0 0 14 0 0 0 3 0 0
169 3 8 3 0 -1 -1 3 
0 0 0 7 0 0 8 0 1 3 8 0 0
1 1 0 14 0 0 2 0 0 8 0 0 1
2 2 0 16 0 0 14 0 0 0 3 0 0
177 3 1 3 0 -1 -1 3 
0 0 0 7 0 0 8 0 1 3 1 0 1
1 1 0 15 0 0 2 0 0 1 0 0 1
2 2 0 16 0 0 14 0 0 0 3 0 0
178 3 3 3 0 -1 -1 3 
0 0 0 8 0 0 8 0 1 3 3 0 -1
1 1 0 15 0 0 2 0 0 3 0 0 1
2 2 0 16 0 0 14 0 0 0 3 0 0
180 3 4 3 0 -1 -1 3 
0 0 0 6 0 0 8 0 1 3 4 0 0
1 1 0 15 0 0 2 0 0 4 0 0 1
2 2 0 16 0 0 14 0 0 0 3 0 0
198 3 7 3 0 -1 -1 3 
0 0 0 7 0 0 8 0 1 3 7 0 0
1 1 0 16 0 0 2 0 0 7 0 0 1
2 2 0 16 0 0 14 0 0 0 3 0 0
210 3 2 3 0 -1 -1 3 
0 0 0 7 0 0 8 0 1 3 2 0 1
1 1 0 14 0 0 2 0 0 2 0 0 1
2 2 0 18 0 0 14 0 0 0 3 0 0
218 3 6 3 0 -1 -1 3 
0 0 0 6 0 0 8 0 1 3 6 0 0
1 1 0 14 0 0 2 0 0 6 0 0 1
2 2 0 18 0 0 14 0 0 0 3 0 0
236 3 7 3 0 -1 -1 3 
0 0 0 6 0 0 8 0 1 3 7 0 0
1 1 0 15 0 0 2 0 0 7 0 0 1
2 2 0 16 0 0 14 0 0 0 3 0 0
240 3 5 3 0 -1 -1 3 
0 0 0 8 0 0 8 0 1 3 5 0 0
1 1 0 15 0 0 2 0 0 5 0 0 1
2 2 0 18 0 0 14 0 0 0 3 0 0
243 3 6 3 0 -1 -1 3 
0 0 0 8 0 0 8 0 1 3 6 0 0
1 1 0 15 0 0 2 0 0 6 0 0 1
2 2 0 16 0 0 14 0 0 0 3 0 0
266 3 0 3 0 -1 -1 3 
0 0 0 8 0 0 8 0 1 3 0 0 1
1 1 0 15 0 0 2 0 0 0 0 0 -1
2 2 0 16 0 0 14 0 0 0 3 0 0
279 3 1 3 0 -1 -1 3 
0 0 0 6 0 0 8 0 1 3 1 0 1
1 1 0 15 0 0 2 0 0 1 0 0 1
2 2 0 18 0 0 14 0 0 0 3 0 0
282 3 3 3 0 -1 -1 3 
0 0 0 8 0 0 8 0 1 3 3 0 -1
1 1 0 14 0 0 2 0 0 3 0 0 1
2 2 0 16 0 0 14 0 0 0 3 0 0
287 3 7 3 0 -1 -1 3 
0 0 0 6 0 0 8 0 1 3 7 0 0
1 1 0 15 0 0 2 0 0 7 0 0 1
2 2 0 16 0 0 14 0 0 0 3 0 0
290 3 1 3 0 -1 -1 3 
0 0 0 8 0 0 8 0 1 3 1 0 1
1 1 0 14 0 0 2 0 0 1 0 0 1
2 2 0 17 0 0 14 0 0 0 3 0 0
291 3 7 3 0 -1 -1 3 
0 0 0 7 0 0 8 0 1 3 7 0 0
1 1 0 14 0 0 2 0 0 7 0 0 1
2 2 0 18 0 0 14 0 0 0 3 0 0
4 33
6 4 8 4 0 -1 -1 4 
0 0 0 6 0 0 8 0 1 4 8 0 0
1 1 0 14 0 0 2 0 0 8 0 0 1
2 2 0 18 0 0 14 0 0 0 4 0 0
40 4 3 4 0 -1 -1 4 
0 0 0 8 0 0 8 0 1 4 3 0 1
1 1 0 14 0 0 2 0 0 3 0 0 1
2 2 0 18 0 0 14 0 0 0 4 0 0
46 4 6 4 0 -1 -1 4 
0 0 0 7 0 0 8 0 1 4 6 0 0
1 1 0 14 0 0 2 0 0 6 0 0 1
2 2 0 17 0 0 14 0 0 0 4 0 0
56 4 6 4 0 -1 -1 4 
0 0 0 6 0 0 8 0 1 4 6 0 0
1 1 0 15 0 0 2 0 0 6 0 0 1
2 2 0 17 0 0 14 0 0 0 4 0 0
58 4 7 4 0 -1 -1 4 
0 0 0 8 0 0 8 0 1 4 7 0 0
1 1 0 16 0 0 2 0 0 7 0 0 1
2 2 0 16 0 0 14 0 0 0 4 0 0
71 4 9 4 0 -1 -1 4 
0 0 0 6 0 0 8 0 1 4 9 0 0
1 1 0 14 0 0 2 0 0 9 0 0 1
2 2 0 17 0 0 14 0 0 0 4 0 0
76 4 4 4 0 -1 -1 4 
0 0 0 8 0 0 8 0 1 4 4 0 -1
1 1 0 16 0 0 2 0 0 4 0 0 1
2 2 0 17 0 0 14 0 0 0 4 0 0
88 4 4 4 0 -1 -1 4 
0 0 0 6 0 0 8 0 1 4 4 0 -1
1 1 0 15 0 0 2 0 0 4 0 0 1
2 2 0 17 0 0 14 0 0 0 4 0 0
92 4 0 4 0 -1 -1 4 
0 0 0 7 0 0 8 0 1 4 0 0 1
1 1 0 15 0 0 2 0 0 0 0 0 -1
2 2 0 16 0 0 14 0 0 0 4 0 0
93 4 4 4 0 -1 -1 4 
0 0 0 7 0 0 8 0 1 4 4 0 -1
1 1 0 16 0 0 2 0 0 4 0 0 1
2 2 0 17 0 0 14 0 0 0 4 0 0
115 4 4 4 0 -1 -1 4 
0 0 0 6 0 0 8 0 1 4 4 0 -1
1 1 0 15 0 0 2 0 0 4 0 0 1
2 2 0 16 0 0 14 0 0 0 4 0 0
125 4 0 4 0 -1 -1 4 
0 0 0 7 0 0 8 0 1 4 0 0 1
1 1 0 15 0 0 2 0 0 0 0 0 -1
2 2 0 16 0 0 14 0 0 0 4 0 0
128 4 6 4 0 -1 -1 4 
0 0 0 7 0 0 8 0 1 4 6 0 0
1 1 0 16 0 0 2 0 0 6 0 0 1
2 2 0 18 0 0 14 0 0 0 4 0 0
150 4 8 4 0 -1 -1 4 
0 0 0 8 0 0 8 0 1 4 8 0 0
1 1 0 15 0 0 2 0 0 8 0 0 1
2 2 0 16 0 0 14 0 0 0 4 0 0
164 4 9 4 0 -1 -1 4 
0 0 0 6 0 0 8 0 1 4 9 0 0
1 1 0 15 0 0 2 0 0 9 0 0 1
2 2 0 17 0 0 14 0 0 0 4 0 0
165 4 1 4 0 -1 -1 4 
0 0 0 8 0 0 8 0 1 4 1 0 1
1 1 0 15 0 0 2 0 0 1 0 0 1
2 2 0 17 0 0 14 0 0 0 4 0 0
168 4 4 4 0 -1 -1 4 
0 0 0 7 0 0 8 0 1 4 4 0 -1
1 1 0 14 0 0 2 0 0 4 0 0 1
2 2 0 17 0 0 14 0 0 0 4 0 0
176 4 9 4 0 -1 -1 4 
0 0 0 8 0 0 8 0 1 4 9 0 0
1 1 0 14 0 0 2 0 0 9 0 0 1
2 2 0 17 0 0 14 0 0 0 4 0 0
179 4 2 4 0 -1 -1 4 
0 0 0 6 0 0 8 0 1 4 2 0 1
1 1 0 14 0 0 2 0 0 2 0 0 1
2 2 0 16 0 0 14 0 0 0 4 0 0
183 4 1 4 0 -1 -1 4 
0 0 0 6 0 0 8 0 1 4 1 0 1
1 1 0 16 0 0 2 0 0 1 0 0 1
2 2 0 17 0 0 14 0 0 0 4 0 0
185 4 9 4 0 -1 -1 4 
0 0 0 6 0 0 8 0 1 4 9 0 0
1 1 0 15 0 0 2 0 0 9 0 0 1
2 2 0 18 0 0 14 0 0 0 4 0 0
190 4 8 4 0 -1 -1 4 
0 0 0 6 0 0 8 0 1 4 8 0 0
1 1 0 14 0 0 2 0 0 8 0 0 1
2 2 0 16 0 0 14 0 0 0 4 0 0
200 4 9 4 0 -1 -1 4 
0 0 0 6 0 0 8 0 1 4 9 0 0
1 1 0 15 0 0 2 0 0 9 0 0 1
2 2 0 17 0 0 14 0 0 0 4 0 0
204 4 7 4 0 -1 -1 4 
0 0 0 6 0 0 8 0 1 4 7 0 0
1 1 0 15 0 0 2 0 0 7 0 0 1
2 2 0 18 0 0 14 0 0 0 4 0 0
216 4 4 4 0 -1 -1 4 
0 0 0 7 0 0 8 0 1 4 4 0 -1
1 1 0 14 0 0 2 0 0 4 0 0 1
2 2 0 16 0 0 14 0 0 0 4 0 0
232 4 5 4 0 -1 -1 4 
0 0 0 6 0 0 8 0 1 4 5 0 0
1 1 0 14 0 0 2 0 0 5 0 0 1
2 2 0 17 0 0 14 0 0 0 4 0 0
238 4 0 4 0 -1 -1 4 
0 0 0 8 0 0 8 0 1 4 0 0 1
1 1 0 15 0 0 2 0 0 0 0 0 -1
2 2 0 17 0 0 14 0 0 0 4 0 0
250 4 4 4 0 -1 -1 4 
0 0 0 8 0 0 8 0 1 4 4 0 -1
1 1 0 15 0 0 2 0 0 4 0 0 1
2 2 0 16 0 0 14 0 0 0 4 0 0
255 4 0 4 0 -1 -1 4 
0 0 0 8 0 0 8 0 1 4 0 0 1
1 1 0 14 0 0 2 0 0 0 0 0 -1
2 2 0 17 0 0 14 0 0 0 4 0 0
258 4 3 4 0 -1 -1 4 
0 0 0 8 0 0 8 0 1 4 3 0 1
1 1 0 16 0 0 2 0 0 3 0 0 1
2 2 0 16 0 0 14 0 0 0 4 0 0
271 4 4 4 0 -1 -1 4 
0 0 0 8 0 0 8 0 1 4 4 0 -1
1 1 0 15 0 0 2 0 0 4 0 0 1
2 2 0 17 0 0 14 0 0 0 4 0 0
273 4 4 4 0 -1 -1 4 
0 0 0 7 0 0 8 0 1 4 4 0 -1
1 1 0 16 0 0 2 0 0 4 0 0 1
2 2 0 17 0 0 14 0 0 0 4 0 0
300 4 2 4 0 -1 -1 4 
0 0 0 7 0 0 8 0 1 4 2 0 1
1 1 0 14 0 0 2 0 0 2 0 0 1
2 2 0 18 0 0 14 0 0 0 4 0 0
5 28
9 5 3 5 0 -1 -1 5 
0 0 0 8 0 0 8 0 1 5 3 0 1
1 1 0 15 0 0 2 0 0 3 0 0 1
2 2 0 16 0 0 14 0 0 0 5 0 0
15 5 0 5 0 -1 -1 5 
0 0 0 6 0 0 8 0 1 5 0 0 1
1 1 0 14 0 0 2 0 0 0 0 0 -1
2 2 0 17 0 0 14 0 0 0 5 0 0
43 5 7 5 0 -1 -1 5 
0 0 0 8 0 0 8 0 1 5 7 0 0
1 1 0 15 0 0 2 0 0 7 0 0 1
2 2 0 18 0 0 14 0 0 0 5 0 0
49 5 3 5 0 -1 -1 5 
0 0 0 8 0 0 8 0 1 5 3 0 1
1 1 0 14 0 0 2 0 0 3 0 0 1
2 2 0 17 0 0 14 0 0 0 5 0 0
50 5 9 5 0 -1 -1 5 
0 0 0 8 0 0 8 0 1 5 9 0 0
1 1 0 14 0 0 2 0 0 9 0 0 1
2 2 0 16 0 0 14 0 0 0 5 0 0
69 5 4 5 0 -1 -1 5 
0 0 0 7 0 0 8 0 1 5 4 0 1
1 1 0 15 0 0 2 0 0 4 0 0 1
2 2 0 17 0 0 14 0 0 0 5 0 0
70 5 9 5 0 -1 -1 5 
0 0 0 7 0 0 8 0 1 5 9 0 0
1 1 0 16 0 0 2 0 0 9 0 0 1
2 2 0 18 0 0 14 0 0 0 5 0 0
78 5 8 5 0 -1 -1 5 
0 0 0 8 0 0 8 0 1 5 8 0 0
1 1 0 14 0 0 2 0 0 8 0 0 1
2 2 0 16 0 0 14 0 0 0 5 0 0
79 5 9 5 0 -1 -1 5 
0 0 0 8 0 0 8 0 1 5 9 0 0
1 1 0 16 0 0 2 0 0 9 0 0 1
2 2 0 17 0 0 14 0 0 0 5 0 0
89 5 4 5 0 -1 -1 5 
0 0 0 7 0 0 8 0 1 5 4 0 1
1 1 0 15 0 0 2 0 0 4 0 0 1
2 2 0 18 0 0 14 0 0 0 5 0 0
130 5 4 5 0 -1 -1 5 
0 0 0 7 0 0 8 0 1 5 4 0 1
1 1 0 14 0 0 2 0 0 4 0 0 1
2 2 0 17 0 0 14 0 0 0 5 0 0
132 5 5 5 0 -1 -1 5 
0 0 0 6 0 0 8 0 1 5 5 0 -1
1 1 0 15 0 0 2 0 0 5 0 0 1
2 2 0 18 0 0 14 0 0 0 5 0 0
155 5 7 5 0 -1 -1 5 
0 0 0 7 0 0 8 0 1 5 7 0 0
1 1 0 14 0 0 2 0 0 7 0 0 1
2 2 0 16 0 0 14 0 0 0 5 0 0
167 5 2 5 0 -1 -1 5 
0 0 0 7 0 0 8 0 1 5 2 0 1
1 1 0 16 0 0 2 0 0 2 0 0 1
2 2 0 18 0 0 14 0 0 0 5 0 0
173 5 6 5 0 -1 -1 5 
0 0 0 6 0 0 8 0 1 5 6 0 0
1 1 0 16 0 0 2 0 0 6 0 0 1
2 2 0 16 0 0 14 0 0 0 5 0 0
182 5 1 5 0 -1 -1 5 
0 0 0 8 0 0 8 0 1 5 1 0 1
1 1 0 16 0 0 2 0 0 1 0 0 1
2 2 0 16 0 0 14 0 0 0 5 0 0
186 5 5 5 0 -1 -1 5 
0 0 0 8 0 0 8 0 1 5 5 0 -1
1 1 0 14 0 0 2 0 0 5 0 0 1
2 2 0 18 0 0 14 0 0 0 5 0 0
193 5 2 5 0 -1 -1 5 
0 0 0 7 0 0 8 0 1 5 2 0 1
1 1 0 15 0 0 2 0 0 2 0 0 1
2 2 0 16 0 0 14 0 0 0 5 0 0
197 5 2 5 0 -1 -1 5 
0 0 0 7 0 0 8 0 1 5 2 0 1
1 1 0 16 0 0 2 0 0 2 0 0 1
2 2 0 16 0 0 14 0 0 0 5 0 0
199 5 9 5 0 -1 -1 5 
0 0 0 6 0 0 8 0 1 5 9 0 0
1 1 0 15 0 0 2 0 0 9 0 0 1
2 2 0 17 0 0 14 0 0 0 5 0 0
209 5 3 5 0 -1 -1 5 
0 0 0 7 0 0 8 0 1 5 3 0 1
1 1 0 14 0 0 2 0 0 3 0 0 1
2 2 0 18 0 0 14 0 0 0 5 0 0
215 5 1 5 0 -1 -1 5 
0 0 0 8 0 0 8 0 1 5 1 0 1
1 1 0 15 0 0 2 0 0 1 0 0 1
2 2 0 18 0 0 14 0 0 0 5 0 0
228 5 1 5 0 -1 -1 5 
0 0 0 6 0 0 8 0 1 5 1 0 1
1 1 0 14 0 0 2 0 0 1 0 0 1
2 2 0 16 0 0 14 0 0 0 5 0 0
235 5 3 5 0 -1 -1 5 
0 0 0 6 0 0 8 0 1 5 3 0 1
1 1 0 14 0 0 2 0 0 3 0 0 1
2 2 0 18 0 0 14 0 0 0 5 0 0
248 5 9 5 0 -1 -1 5 
0 0 0 6 0 0 8 0 1 5 9 0 0
1 1 0 14 0 0 2 0 0 9 0 0 1
2 2 0 18 0 0 14 0 0 0 5 0 0
251 5 9 5 0 -1 -1 5 
0 0 0 6 0 0 8 0 1 5 9 0 0
1 1 0 15 0 0 2 0 0 9 0 0 1
2 2 0 18 0 0 14 0 0 0 5 0 0
280 5 0 5 0 -1 -1 5 
0 0 0 6 0 0 8 0 1 5 0 0 1
1 1 0 14 0 0 2 0 0 0 0 0 -1
2 2 0 16 0 0 14 0 0 0 5 0 0
286 5 6 5 0 -1 -1 5 
0 0 0 6 0 0 8 0 1 5 6 0 0
1 1 0 16 0 0 2 0 0 6 0 0 1
2 2 0 17 0 0 14 0 0 0 5 0 0
6 35
17 6 6 6 0 -1 -1 6 
0 0 0 8 0 0 8 0 1 6 6 0 -1
1 1 0 15 0 0 2 0 0 6 0 0 1
2 2 0 16 0 0 14 0 0 0 6 0 0
25 6 2 6 0 -1 -1 6 
0 0 0 8 0 0 8 0 1 6 2 0 1
1 1 0 16 0 0 2 0 0 2 0 0 1
2 2 0 16 0 0 14 0 0 0 6 0 0
39 6 0 6 0 -1 -1 6 
0 0 0 8 0 0 8 0 1 6 0 0 1
1 1 0 14 0 0 2 0 0 0 0 0 -1
2 2 0 16 0 0 14 0 0 0 6 0 0
44 6 2 6 0 -1 -1 6 
0 0 0 8 0 0 8 0 1 6 2 0 1
1 1 0 16 0 0 2 0 0 2 0 0 1
2 2 0 17 0 0 14 0 0 0 6 0 0
48 6 0 6 0 -1 -1 6 
0 0 0 8 0 0 8 0 1 6 0 0 1
1 1 0 16 0 0 2 0 0 0 0 0 -1
2 2 0 18 0 0 14 0 0 0 6 0 0
53 6 3 6 0 -1 -1 6 
0 0 0 8 0 0 8 0 1 6 3 0 1
1 1 0 16 0 0 2 0 0 3 0 0 1
2 2 0 18 0 0 14 0 0 0 6 0 0
55 6 4 6 0 -1 -1 6 
0 0 0 8 0 0 8 0 1 6 4 0 1
1 1 0 16 0 0 2 0 0 4 0 0 1
2 2 0 16 0 0 14 0 0 0 6 0 0
67 6 4 6 0 -1 -1 6 
0 0 0 6 0 0 8 0 1 6 4 0 1
1 1 0 15 0 0 2 0 0 4 0 0 1
2 2 0 17 0 0 14 0 0 0 6 0 0
73 6 9 6 0 -1 -1 6 
0 0 0 6 0 0 8 0 1 6 9 0 0
1 1 0 15 0 0 2 0 0 9 0 0 1
2 2 0 18 0 0 14 0 0 0 6 0 0
75 6 8 6 0 -1 -1 6 
0 0 0 8 0 0 8 0 1 6 8 0 0
1 1 0 14 0 0 2 0 0 8 0 0 1
2 2 0 17 0 0 14 0 0 0 6 0 0
83 6 4 6 0 -1 -1 6 
0 0 0 7 0 0 8 0 1 6 4 0 1
1 1 0 15 0 0 2 0 0 4 0 0 1
2 2 0 18 0 0 14 0 0 0 6 0 0
96 6 5 6 0 -1 -1 6 
0 0 0 7 0 0 8 0 1 6 5 0 1
1 1 0 14 0 0 2 0 0 5 0 0 1
2 2 0 18 0 0 14 0 0 0 6 0 0
107 6 9 6 0 -1 -1 6 
0 0 0 6 0 0 8 0 1 6 9 0 0
1 1 0 14 0 0 2 0 0 9 0 0 1
2 2 0 17 0 0 14 0 0 0 6 0 0
108 6 2 6 0 -1 -1 6 
0 0 0 7 0 0 8 0 1 6 2 0 1
1 1 0 14 0 0 2 0 0 2 0 0 1
2 2 0 16 0 0 14 0 0 0 6 0 0
110 6 8 6 0 -1 -1 6 
0 0 0 8 0 0 8 0 1 6 8 0 0
1 1 0 16 0 0 2 0 0 8 0 0 1
2 2 0 17 0 0 14 0 0 0 6 0 0
113 6 2 6 0 -1 -1 6 
0 0 0 8 0 0 8 0 1 6 2 0 1
1 1 0 15 0 0 2 0 0 2 0 0 1
2 2 0 16 0 0 14 0 0 0 6 0 0
116 6 8 6 0 -1 -1 6 
0 0 0 7 0 0 8 0 1 6 8 0 0
1 1 0 14 0 0 2 0 0 8 0 0 1
2 2 0 16 0 0 14 0 0 0 6 0 0
117 6 3 6 0 -1 -1 6 
0 0 0 6 0 0 8 0 1 6 3 0 1
1 1 0 16 0 0 2 0 0 3 0 0 1
2 2 0 18 0 0 14 0 0 0 6 0 0
131 6 4 6 0 -1 -1 6 
0 0 0 6 0 0 8 0 1 6 4 0 1
1 1 0 16 0 0 2 0 0 4 0 0 1
2 2 0 16 0 0 14 0 0 0 6 0 0
134 6 1 6 0 -1 -1 6 
0 0 0 7 0 0 8 0 1 6 1 0 1
1 1 0 16 0 0 2 0 0 1 0 0 1
2 2 0 18 0 0 14 0 0 0 6 0 0
143 6 6 6 0 -1 -1 6 
0 0 0 8 0 0 8 0 1 6 6 0 -1
1 1 0 16 0 0 2 0 0 6 0 0 1
2 2 0 17 0 0 14 0 0 0 6 0 0
148 6 1 6 0 -1 -1 6 
0 0 0 8 0 0 8 0 1 6 1 0 1
1 1 0 15 0 0 2 0 0 1 0 0 1
2 2 0 17 0 0 14 0 0 0 6 0 0
153 6 9 6 0 -1 -1 6 
0 0 0 7 0 0 8 0 1 6 9 0 0
1 1 0 16 0 0 2 0 0 9 0 0 1
2 2 0 17 0 0 14 0 0 0 6 0 0
154 6 0 6 0 -1 -1 6 
0 0 0 8 0 0 8 0 1 6 0 0 1
1 1 0 15 0 0 2 0 0 0 0 0 -1
2 2 0 18 0 0 14 0 0 0 6 0 0
156 6 8 6 0 -1 -1 6 
0 0 0 6 0 0 8 0 1 6 8 0 0
1 1 0 14 0 0 2 0 0 8 0 0 1
2 2 0 16 0 0 14 0 0 0 6 0 0
175 6 5 6 0 -1 -1 6 
0 0 0 8 0 0 8 0 1 6 5 0 1
1 1 0 16 0 0 2 0 0 5 0 0 1
2 2 0 16 0 0 14 0 0 0 6 0 0
202 6 0 6 0 -1 -1 6 
0 0 0 8 0 0 8 0 1 6 0 0 1
1 1 0 14 0 0 2 0 0 0 0 0 -1
2 2 0 17 0 0 14 0 0 0 6 0 0
220 6 5 6 0 -1 -1 6 
0 0 0 6 0 0 8 0 1 6 5 0 1
1 1 0 15 0 0 2 0 0 5 0 0 1
2 2 0 16 0 0 14 0 0 0 6 0 0
223 6 0 6 0 -1 -1 6 
0 0 0 6 0 0 8 0 1 6 0 0 1
1 1 0 14 0 0 2 0 0 0 0 0 -1
2 2 0 17 0 0 14 0 0 0 6 0 0
224 6 9 6 0 -1 -1 6 
0 0 0 7 0 0 8 0 1 6 9 0 0
1 1 0 15 0 0 2 0 0 9 0 0 1
2 2 0 17 0 0 14 0 0 0 6 0 0
245 6 0 6 0 -1 -1 6 
0 0 0 6 0 0 8 0 1 6 0 0 1
1 1 0 16 0 0 2 0 0 0 0 0 -1
2 2 0 18 0 0 14 0 0 0 6 0 0
257 6 3 6 0 -1 -1 6 
0 0 0 6 0 0 8 0 1 6 3 0 1
1 1 0 15 0 0 2 0 0 3 0 0 1
2 2 0 16 0 0 14 0 0 0 6 0 0
264 6 2 6 0 -1 -1 6 
0 0 0 6 0 0 8 0 1 6 2 0 1
1 1 0 16 0 0 2 0 0 2 0 0 1
2 2 0 18 0 0 14 0 0 0 6 0 0
269 6 3 6 0 -1 -1 6 
0 0 0 8 0 0 8 0 1 6 3 0 1
1 1 0 16 0 0 2 0 0 3 0 0 1
2 2 0 18 0 0 14 0 0 0 6 0 0
295 6 8 6 0 -1 -1 6 
0 0 0 6 0 0 8 0 1 6 8 0 0
1 1 0 15 0 0 2 0 0 8 0 0 1
2 2 0 17 0 0 14 0 0 0 6 0 0
7 22
1 7 1 7 0 -1 -1 7 
0 0 0 6 0 0 8 0 1 7 1 0 1
1 1 0 14 0 0 2 0 0 1 0 0 1
2 2 0 16 0 0 14 0 0 0 7 0 0
42 7 1 7 0 -1 -1 7 
0 0 0 6 0 0 8 0 1 7 1 0 1
1 1 0 16 0 0 2 0 0 1 0 0 1
2 2 0 17 0 0 14 0 0 0 7 0 0
59 7 1 7 0 -1 -1 7 
0 0 0 6 0 0 8 0 1 7 1 0 1
1 1 0 15 0 0 2 0 0 1 0 0 1
2 2 0 16 0 0 14 0 0 0 7 0 0
60 7 6 7 0 -1 -1 7 
0 0 0 6 0 0 8 0 1 7 6 0 1
1 1 0 15 0 0 2 0 0 6 0 0 1
2 2 0 16 0 0 14 0 0 0 7 0 0
64 7 1 7 0 -1 -1 7 
0 0 0 6 0 0 8 0 1 7 1 0 1
1 1 0 16 0 0 2 0 0 1 0 0 1
2 2 0 17 0 0 14 0 0 0 7 0 0
90 7 7 7 0 -1 -1 7 
0 0 0 6 0 0 8 0 1 7 7 0 -1
1 1 0 15 0 0 2 0 0 7 0 0 1
2 2 0 18 0 0 14 0 0 0 7 0 0
97 7 8 7 0 -1 -1 7 
0 0 0 8 0 0 8 0 1 7 8 0 0
1 1 0 14 0 0 2 0 0 8 0 0 1
2 2 0 18 0 0 14 0 0 0 7 0 0
100 7 7 7 0 -1 -1 7 
0 0 0 8 0 0 8 0 1 7 7 0 -1
1 1 0 14 0 0 2 0 0 7 0 0 1
2 2 0 16 0 0 14 0 0 0 7 0 0
111 7 9 7 0 -1 -1 7 
0 0 0 8 0 0 8 0 1 7 9 0 0
1 1 0 14 0 0 2 0 0 9 0 0 1
2 2 0 17 0 0 14 0 0 0 7 0 0
158 7 5 7 0 -1 -1 7 
0 0 0 7 0 0 8 0 1 7 5 0 1
1 1 0 16 0 0 2 0 0 5 0 0 1
2 2 0 16 0 0 14 0 0 0 7 0 0
172 7 4 7 0 -1 -1 7 
0 0 0 7 0 0 8 0 1 7 4 0 1
1 1 0 14 0 0 2 0 0 4 0 0 1
2 2 0 16 0 0 14 0 0 0 7 0 0
187 7 0 7 0 -1 -1 7 
0 0 0 6 0 0 8 0 1 7 0 0 1
1 1 0 15 0 0 2 0 0 0 0 0 -1
2 2 0 17 0 0 14 0 0 0 7 0 0
189 7 2 7 0 -1 -1 7 
0 0 0 8 0 0 8 0 1 7 2 0 1
1 1 0 15 0 0 2 0 0 2 0 0 1
2 2 0 18 0 0 14 0 0 0 7 0 0
196 7 5 7 0 -1 -1 7 
0 0 0 7 0 0 8 0 1 7 5 0 1
1 1 0 15 0 0 2 0 0 5 0 0 1
2 2 0 17 0 0 14 0 0 0 7 0 0
203 7 3 7 0 -1 -1 7 
0 0 0 8 0 0 8 0 1 7 3 0 1
1 1 0 14 0 0 2 0 0 3 0 0 1
2 2 0 16 0 0 14 0 0 0 7 0 0
208 7 7 7 0 -1 -1 7 
0 0 0 8 0 0 8 0 1 7 7 0 -1
1 1 0 15 0 0 2 0 0 7 0 0 1
2 2 0 16 0 0 14 0 0 0 7 0 0
213 7 4 7 0 -1 -1 7 
0 0 0 6 0 0 8 0 1 7 4 0 1
1 1 0 16 0 0 2 0 0 4 0 0 1
2 2 0 18 0 0 14 0 0 0 7 0 0
249 7 3 7 0 -1 -1 7 
0 0 0 7 0 0 8 0 1 7 3 0 1
1 1 0 14 0 0 2 0 0 3 0 0 1
2 2 0 16 0 0 14 0 0 0 7 0 0
278 7 0 7 0 -1 -1 7 
0 0 0 6 0 0 8 0 1 7 0 0 1
1 1 0 16 0 0 2 0 0 0 0 0 -1
2 2 0 18 0 0 14 0 0 0 7 0 0
281 7 9 7 0 -1 -1 7 
0 0 0 8 0 0 8 0 1 7 9 0 0
1 1 0 15 0 0 2 0 0 9 0 0 1
2 2 0 16 0 0 14 0 0 0 7 0 0
293 7 9 7 0 -1 -1 7 
0 0 0 8 0 0 8 0 1 7 9 0 0
1 1 0 15 0 0 2 0 0 9 0 0 1
2 2 0 16 0 0 14 0 0 0 7 0 0
294 7 1 7 0 -1 -1 7 
0 0 0 7 0 0 8 0 1 7 1 0 1
1 1 0 14 0 0 2 0 0 1 0 0 1
2 2 0 17 0 0 14 0 0 0 7 0 0
8 30
4 8 6 8 0 -1 -1 8 
0 0 0 6 0 0 8 0 1 8 6 0 1
1 1 0 14 0 0 2 0 0 6 0 0 1
2 2 0 17 0 0 14 0 0 0 8 0 0
11 8 1 8 0 -1 -1 8 
0 0 0 8 0 0 8 0 1 8 1 0 1
1 1 0 15 0 0 2 0 0 1 0 0 1
2 2 0 17 0 0 14 0 0 0 8 0 0
13 8 7 8 0 -1 -1 8 
0 0 0 6 0 0 8 0 1 8 7 0 1
1 1 0 16 0 0 2 0 0 7 0 0 1
2 2 0 18 0 0 14 0 0 0 8 0 0
16 8 0 8 0 -1 -1 8 
0 0 0 8 0 0 8 0 1 8 0 0 1
1 1 0 14 0 0 2 0 0 0 0 0 -1
2 2 0 16 0 0 14 0 0 0 8 0 0
20 8 2 8 0 -1 -1 8 
0 0 0 7 0 0 8 0 1 8 2 0 1
1 1 0 14 0 0 2 0 0 2 0 0 1
2 2 0 17 0 0 14 0 0 0 8 0 0
36 8 2 8 0 -1 -1 8 
0 0 0 7 0 0 8 0 1 8 2 0 1
1 1 0 14 0 0 2 0 0 2 0 0 1
2 2 0 18 0 0 14 0 0 0 8 0 0
41 8 9 8 0 -1 -1 8 
0 0 0 7 0 0 8 0 1 8 9 0 0
1 1 0 16 0 0 2 0 0 9 0 0 1
2 2 0 18 0 0 14 0 0 0 8 0 0
51 8 5 8 0 -1 -1 8 
0 0 0 6 0 0 8 0 1 8 5 0 1
1 1 0 14 0 0 2 0 0 5 0 0 1
2 2 0 17 0 0 14 0 0 0 8 0 0
63 8 0 8 0 -1 -1 8 
0 0 0 6 0 0 8 0 1 8 0 0 1
1 1 0 16 0 0 2 0 0 0 0 0 -1
2 2 0 18 0 0 14 0 0 0 8 0 0
68 8 1 8 0 -1 -1 8 
0 0 0 8 0 0 8 0 1 8 1 0 1
1 1 0 15 0 0 2 0 0 1 0 0 1
2 2 0 18 0 0 14 0 0 0 8 0 0
72 8 1 8 0 -1 -1 8 
0 0 0 7 0 0 8 0 1 8 1 0 1
1 1 0 14 0 0 2 0 0 1 0 0 1
2 2 0 16 0 0 14 0 0 0 8 0 0
80 8 1 8 0 -1 -1 8 
0 0 0 7 0 0 8 0 1 8 1 0 1
1 1 0 14 0 0 2 0 0 1 0 0 1
2 2 0 16 0 0 14 0 0 0 8 0 0
82 8 2 8 0 -1 -1 8 
0 0 0 6 0 0 8 0 1 8 2 0 1
1 1 0 14 0 0 2 0 0 2 0 0 1
2 2 0 17 0 0 14 0 0 0 8 0 0
95 8 9 8 0 -1 -1 8 
0 0 0 8 0 0 8 0 1 8 9 0 0
1 1 0 15 0 0 2 0 0 9 0 0 1
2 2 0 18 0 0 14 0 0 0 8 0 0
118 8 2 8 0 -1 -1 8 
0 0 0 7 0 0 8 0 1 8 2 0 1
1 1 0 16 0 0 2 0 0 2 0 0 1
2 2 0 16 0 0 14 0 0 0 8 0 0
121 8 6 8 0 -1 -1 8 
0 0 0 6 0 0 8 0 1 8 6 0 1
1 1 0 15 0 0 2 0 0 6 0 0 1
2 2 0 16 0 0 14 0 0 0 8 0 0
124 8 0 8 0 -1 -1 8 
0 0 0 7 0 0 8 0 1 8 0 0 1
1 1 0 14 0 0 2 0 0 0 0 0 -1
2 2 0 18 0 0 14 0 0 0 8 0 0
133 8 1 8 0 -1 -1 8 
0 0 0 8 0 0 8 0 1 8 1 0 1
1 1 0 15 0 0 2 0 0 1 0 0 1
2 2 0 16 0 0 14 0 0 0 8 0 0
160 8 8 8 0 -1 -1 8 
0 0 0 7 0 0 8 0 1 8 8 0 -1
1 1 0 14 0 0 2 0 0 8 0 0 1
2 2 0 17 0 0 14 0 0 0 8 0 0
161 8 3 8 0 -1 -1 8 
0 0 0 7 0 0 8 0 1 8 3 0 1
1 1 0 14 0 0 2 0 0 3 0 0 1
2 2 0 18 0 0 14 0 0 0 8 0 0
211 8 7 8 0 -1 -1 8 
0 0 0 7 0 0 8 0 1 8 7 0 1
1 1 0 15 0 0 2 0 0 7 0 0 1
2 2 0 18 0 0 14 0 0 0 8 0 0
212 8 9 8 0 -1 -1 8 
0 0 0 7 0 0 8 0 1 8 9 0 0
1 1 0 15 0 0 2 0 0 9 0 0 1
2 2 0 18 0 0 14 0 0 0 8 0 0
219 8 4 8 0 -1 -1 8 
0 0 0 8 0 0 8 0 1 8 4 0 1
1 1 0 14 0 0 2 0 0 4 0 0 1
2 2 0 17 0 0 14 0 0 0 8 0 0
233 8 6 8 0 -1 -1 8 
0 0 0 6 0 0 8 0 1 8 6 0 1
1 1 0 15 0 0 2 0 0 6 0 0 1
2 2 0 17 0 0 14 0 0 0 8 0 0
252 8 9 8 0 -1 -1 8 
0 0 0 7 0 0 8 0 1 8 9 0 0
1 1 0 16 0 0 2 0 0 9 0 0 1
2 2 0 17 0 0 14 0 0 0 8 0 0
262 8 4 8 0 -1 -1 8 
0 0 0 7 0 0 8 0 1 8 4 0 1
1 1 0 15 0 0 2 0 0 4 0 0 1
2 2 0 16 0 0 14 0 0 0 8 0 0
263 8 1 8 0 -1 -1 8 
0 0 0 7 0 0 8 0 1 8 1 0 1
1 1 0 14 0 0 2 0 0 1 0 0 1
2 2 0 17 0 0 14 0 0 0 8 0 0
270 8 7 8 0 -1 -1 8 
0 0 0 6 0 0 8 0 1 8 7 0 1
1 1 0 16 0 0 2 0 0 7 0 0 1
2 2 0 17 0 0 14 0 0 0 8 0 0
288 8 0 8 0 -1 -1 8 
0 0 0 7 0 0 8 0 1 8 0 0 1
1 1 0 14 0 0 2 0 0 0 0 0 -1
2 2 0 16 0 0 14 0 0 0 8 0 0
297 8 5 8 0 -1 -1 8 
0 0 0 6 0 0 8 0 1 8 5 0 1
1 1 0 14 0 0 2 0 0 5 0 0 1
2 2 0 18 0 0 14 0 0 0 8 0 0
9 32
10 9 7 9 0 -1 -1 9 
0 0 0 8 0 0 8 0 1 9 7 0 1
1 1 0 16 0 0 2 0 0 7 0 0 1
2 2 0 16 0 0 14 0 0 0 9 0 0
12 9 1 9 0 -1 -1 9 
0 0 0 6 0 0 8 0 1 9 1 0 1
1 1 0 14 0 0 2 0 0 1 0 0 1
2 2 0 16 0 0 14 0 0 0 9 0 0
21 9 5 9 0 -1 -1 9 
0 0 0 7 0 0 8 0 1 9 5 0 1
1 1 0 15 0 0 2 0 0 5 0 0 1
2 2 0 18 0 0 14 0 0 0 9 0 0
22 9 2 9 0 -1 -1 9 
0 0 0 6 0 0 8 0 1 9 2 0 1
1 1 0 15 0 0 2 0 0 2 0 0 1
2 2 0 18 0 0 14 0 0 0 9 0 0
27 9 5 9 0 -1 -1 9 
0 0 0 7 0 0 8 0 1 9 5 0 1
1 1 0 15 0 0 2 0 0 5 0 0 1
2 2 0 18 0 0 14 0 0 0 9 0 0
37 9 8 9 0 -1 -1 9 
0 0 0 8 0 0 8 0 1 9 8 0 1
1 1 0 15 0 0 2 0 0 8 0 0 1
2 2 0 16 0 0 14 0 0 0 9 0 0
57 9 0 9 0 -1 -1 9 
0 0 0 6 0 0 8 0 1 9 0 0 1
1 1 0 15 0 0 2 0 0 0 0 0 -1
2 2 0 17 0 0 14 0 0 0 9 0 0
65 9 5 9 0 -1 -1 9 
0 0 0 6 0 0 8 0 1 9 5 0 1
1 1 0 15 0 0 2 0 0 5 0 0 1
2 2 0 16 0 0 14 0 0 0 9 0 0
84 9 3 9 0 -1 -1 9 
0 0 0 6 0 0 8 0 1 9 3 0 1
1 1 0 14 0 0 2 0 0 3 0 0 1
2 2 0 17 0 0 14 0 0 0 9 0 0
85 9 5 9 0 -1 -1 9 
0 0 0 6 0 0 8 0 1 9 5 0 1
1 1 0 15 0 0 2 0 0 5 0 0 1
2 2 0 17 0 0 14 0 0 0 9 0 0
86 9 4 9 0 -1 -1 9 
0 0 0 7 0 0 8 0 1 9 4 0 1
1 1 0 16 0 0 2 0 0 4 0 0 1
2 2 0 17 0 0 14 0 0 0 9 0 0
98 9 3 9 0 -1 -1 9 
0 0 0 7 0 0 8 0 1 9 3 0 1
1 1 0 16 0 0 2 0 0 3 0 0 1
2 2 0 17 0 0 14 0 0 0 9 0 0
109 9 3 9 0 -1 -1 9 
0 0 0 6 0 0 8 0 1 9 3 0 1
1 1 0 16 0 0 2 0 0 3 0 0 1
2 2 0 16 0 0 14 0 0 0 9 0 0
120 9 2 9 0 -1 -1 9 
0 0 0 8 0 0 8 0 1 9 2 0 1
1 1 0 14 0 0 2 0 0 2 0 0 1
2 2 0 17 0 0 14 0 0 0 9 0 0
126 9 0 9 0 -1 -1 9 
0 0 0 6 0 0 8 0 1 9 0 0 1
1 1 0 16 0 0 2 0 0 0 0 0 -1
2 2 0 17 0 0 14 0 0 0 9 0 0
145 9 1 9 0 -1 -1 9 
0 0 0 6 0 0 8 0 1 9 1 0 1
1 1 0 14 0 0 2 0 0 1 0 0 1
2 2 0 16 0 0 14 0 0 0 9 0 0
149 9 2 9 0 -1 -1 9 
0 0 0 6 0 0 8 0 1 9 2 0 1
1 1 0 14 0 0 2 0 0 2 0 0 1
2 2 0 18 0 0 14 0 0 0 9 0 0
157 9 8 9 0 -1 -1 9 
0 0 0 7 0 0 8 0 1 9 8 0 1
1 1 0 16 0 0 2 0 0 8 0 0 1
2 2 0 17 0 0 14 0 0 0 9 0 0
162 9 7 9 0 -1 -1 9 
0 0 0 8 0 0 8 0 1 9 7 0 1
1 1 0 15 0 0 2 0 0 7 0 0 1
2 2 0 16 0 0 14 0 0 0 9 0 0
163 9 7 9 0 -1 -1 9 
0 0 0 7 0 0 8 0 1 9 7 0 1
1 1 0 15 0 0 2 0 0 7 0 0 1
2 2 0 18 0 0 14 0 0 0 9 0 0
192 9 5 9 0 -1 -1 9 
0 0 0 7 0 0 8 0 1 9 5 0 1
1 1 0 14 0 0 2 0 0 5 0 0 1
2 2 0 16 0 0 14 0 0 0 9 0 0
206 9 9 9 0 -1 -1 9 
0 0 0 6 0 0 8 0 1 9 9 0 -1
1 1 0 16 0 0 2 0 0 9 0 0 1
2 2 0 17 0 0 14 0 0 0 9 0 0
214 9 1 9 0 -1 -1 9 
0 0 0 6 0 0 8 0 1 9 1 0 1
1 1 0 15 0 0 2 0 0 1 0 0 1
2 2 0 16 0 0 14 0 0 0 9 0 0
226 9 6 9 0 -1 -1 9 
0 0 0 7 0 0 8 0 1 9 6 0 1
1 1 0 16 0 0 2 0 0 6 0 0 1
2 2 0 16 0 0 14 0 0 0 9 0 0
227 9 4 9 0 -1 -1 9 
0 0 0 6 0 0 8 0 1 9 4 0 1
1 1 0 15 0 0 2 0 0 4 0 0 1
2 2 0 18 0 0 14 0 0 0 9 0 0
229 9 5 9 0 -1 -1 9 
0 0 0 6 0 0 8 0 1 9 5 0 1
1 1 0 16 0 0 2 0 0 5 0 0 1
2 2 0 17 0 0 14 0 0 0 9 0 0
244 9 2 9 0 -1 -1 9 
0 0 0 7 0 0 8 0 1 9 2 0 1
1 1 0 15 0 0 2 0 0 2 0 0 1
2 2 0 16 0 0 14 0 0 0 9 0 0
256 9 0 9 0 -1 -1 9 
0 0 0 6 0 0 8 0 1 9 0 0 1
1 1 0 15 0 0 2 0 0 0 0 0 -1
2 2 0 16 0 0 14 0 0 0 9 0 0
260 9 3 9 0 -1 -1 9 
0 0 0 8 0 0 8 0 1 9 3 0 1
1 1 0 15 0 0 2 0 0 3 0 0 1
2 2 0 17 0 0 14 0 0 0 9 0 0
277 9 6 9 0 -1 -1 9 
0 0 0 6 0 0 8 0 1 9 6 0 1
1 1 0 14 0 0 2 0 0 6 0 0 1
2 2 0 18 0 0 14 0 0 0 9 0 0
284 9 3 9 0 -1 -1 9 
0 0 0 6 0 0 8 0 1 9 3 0 1
1 1 0 14 0 0 2 0 0 3 0 0 1
2 2 0 16 0 0 14 0 0 0 9 0 0
298 9 6 9 0 -1 -1 9 
0 0 0 7 0 0 8 0 1 9 6 0 1
1 1 0 14 0 0 2 0 0 6 0 0 1
2 2 0 16 0 0 14 0 0 0 9 0 0
