0 1 4 0 0 4 3
12 7 3
12 8 9
11 8 12
1 3 7 0 0 7 6
10 7 3
10 6 3
10 5 3
10 4 10
9 4 12
8 4 12
3 8 13 0 0 12 12
7 3 3
7 2 6
8 2 12
9 2 12
10 2 12
11 2 12
12 2 12
13 2 12
14 2 12
15 2 12
16 2 12
17 2 12
8 7 6 0 0 6 5
18 3 3
18 4 3
18 5 3
18 6 9
17 6 12
7 4 11 0 0 11 10
16 7 3
16 8 3
16 9 3
16 10 3
16 11 3
16 12 3
16 13 3
16 14 9 
15 14 12
14 14 12
4 2 6 0 0 6 5
12 14 12 
11 14 12 
10 14 12 
9 14 15
8 14 12
2 6 4 0 0 4 3
7 15 3
7 16 5
8 16 12
6 5 12 0 0 12 11 
9 15 3
9 14 15
9 13 3
9 12 10
8 12 12
7 12 12
6 12 12
5 12 12 
4 12 12
3 12 12
2 12 12 
5 9 13 0 0 13 12 
1 11 3
1 10 3
1 9 3
1 8 3
1 7 3
1 6 3
1 5 3
1 4 3
1 3 3
1 2 3
1 1 6
2 1 12